107
234
278
89
40
8
173
197
93
26
0
0
163
232
260
226
262
179
147
135
85
32
10
0
12
46
16
10
113
117
204
161
226
129
242
123
60
224
163
69
60
32
97
42
42
16
44
10
117
202
181
337
292
193
187
185
197
177
169
183
169
187
199
169
200
171
183
177
204
187
189
191
171
185
224
226
260
220
197
236
258
226
308
314
292
316
326
345
357
611
425
524
379
502
465
572
540
556
528
492
800
578
490
518
510
445
445
540
530
385
588
514
580
480
564
508
546
520
580
425
546
752
492
516
586
480
544
635
538
363
518
647
607
500
498
498
552
564
429
546
522
488
395
470
516
550
369
465
480
387
337
333
359
333
496
415
482
425
409
534
361
516
337
554
494
556
490
405
494
580
756
607
556
574
518
598
566
568
560
611
548
594
637
594
659
558
572
66
552
554
681
542
538
590
417
536
415
359
417
337
214
252
280
155
163
189
214
173
206
187
187
189
212
185
151
111
66
54
105
79
127
101
85
60
32
60
67
89
56
12
54
58
10
121
56
139
67
54
91
20
73
93
135
133
101
91
107
87
85
81
10
14
20
103
64
97
101
97
85
81
117
99
46
60
56
54
32
24
64
6
40
20
73
0
10
0
16
36
4
18
6
28
2
0
4
0
0
0
